[gd_scene load_steps=14 format=3 uid="uid://bfw7373a3nqn8"]

[ext_resource type="PackedScene" uid="uid://67alac0hkkfn" path="res://man.glb" id="1_llion"]
[ext_resource type="Script" path="res://Skeleton3D.gd" id="2_34enf"]

[sub_resource type="CapsuleShape3D" id="CapsuleShape3D_n31p0"]
radius = 0.0541585
height = 0.541585

[sub_resource type="CapsuleShape3D" id="CapsuleShape3D_bmm5y"]
radius = 0.0661883
height = 0.661883

[sub_resource type="CapsuleShape3D" id="CapsuleShape3D_35lnj"]
radius = 0.0526081
height = 0.526081

[sub_resource type="CapsuleShape3D" id="CapsuleShape3D_jpmjp"]
radius = 0.0562401
height = 0.562401

[sub_resource type="CapsuleShape3D" id="CapsuleShape3D_beog6"]
radius = 0.069472
height = 0.69472

[sub_resource type="CapsuleShape3D" id="CapsuleShape3D_7iw1o"]
radius = 0.05624
height = 0.5624

[sub_resource type="CapsuleShape3D" id="CapsuleShape3D_ossiy"]
radius = 0.069472
height = 0.69472

[sub_resource type="CapsuleShape3D" id="CapsuleShape3D_4rb5m"]
radius = 0.101967
height = 1.01968

[sub_resource type="CapsuleShape3D" id="CapsuleShape3D_v72dg"]
radius = 0.0884111
height = 0.884111

[sub_resource type="CapsuleShape3D" id="CapsuleShape3D_aeyd6"]
radius = 0.101967
height = 1.01968

[sub_resource type="CapsuleShape3D" id="CapsuleShape3D_rfayf"]
radius = 0.0884111
height = 0.884111

[node name="lol" instance=ExtResource("1_llion")]

[node name="Skeleton3D" parent="Armature_001" index="0"]
bones/0/rotation = Quaternion(-8.55714e-09, 1.71143e-08, -2.92898e-16, 1)
bones/1/rotation = Quaternion(6.69873e-15, 2.53761e-08, 3.35817e-22, 1)
bones/3/rotation = Quaternion(-0.707107, -1.21016e-08, -1.21016e-08, 0.707107)
bones/3/scale = Vector3(1, 1, 1)
bones/4/rotation = Quaternion(0.980855, 0.160567, 0.0220522, -0.107959)
bones/4/scale = Vector3(1, 1, 1)
bones/5/rotation = Quaternion(-0.213198, 0.0629099, -0.0404206, 0.974143)
bones/5/scale = Vector3(1, 1, 1)
bones/6/rotation = Quaternion(0.766892, 3.59967e-08, 0.162208, 0.620939)
bones/6/scale = Vector3(1, 1, 1)
bones/7/rotation = Quaternion(0.98075, -0.160094, -0.0263316, -0.108658)
bones/7/scale = Vector3(1, 1, 1)
bones/8/rotation = Quaternion(-0.21302, -0.058659, 0.0413504, 0.974409)
bones/8/scale = Vector3(1, 1, 1)
bones/9/rotation = Quaternion(0.753331, -0.0443956, -0.216624, 0.61935)
bones/10/rotation = Quaternion(0.99489, 0.018285, -0.0992836, 0.00155741)
bones/10/scale = Vector3(1, 1, 1)
bones/11/rotation = Quaternion(0.0143602, -4.47485e-06, -0.00319597, 0.999892)
bones/11/scale = Vector3(1, 1, 1)
bones/12/rotation = Quaternion(0.694166, 0.0845571, -0.0562205, 0.712617)
bones/12/scale = Vector3(1, 1, 1)
bones/13/rotation = Quaternion(0.997862, -0.0183298, 0.0627314, 0.000885753)
bones/13/scale = Vector3(1, 1, 1)
bones/14/rotation = Quaternion(0.0145548, 0.000511555, 0.00214219, 0.999892)
bones/14/scale = Vector3(1, 1, 1)
bones/15/scale = Vector3(1, 1, 1)
script = ExtResource("2_34enf")

[node name="Hip" type="PhysicalBone3D" parent="Armature_001/Skeleton3D" index="1"]
transform = Transform3D(1, 3.42286e-08, -2.92898e-16, -8.78695e-16, 1.71143e-08, -1, -3.42286e-08, 1, 1.71143e-08, 7.93144e-17, 2.26589, -4.63441e-09)
joint_offset = Transform3D(1, 0, 0, 0, 1, 0, 0, 0, 1, 1.20215e-22, 0, 0.270792)
body_offset = Transform3D(1, 0, -5.29396e-23, 0, 0, -1, 0, 1, 0, -1.05879e-22, 0.270792, 0)
bone_name = "Bone"

[node name="CollisionShape3D" type="CollisionShape3D" parent="Armature_001/Skeleton3D/Hip" index="0"]
transform = Transform3D(3.07806, 0, 0, 0, 0, 3.07806, 0, -1.00884, 0, 0, 0, 0)
shape = SubResource("CapsuleShape3D_n31p0")

[node name="Torso" type="PhysicalBone3D" parent="Armature_001/Skeleton3D" index="2"]
transform = Transform3D(1, 8.49808e-08, -2.7945e-16, -1.74728e-15, 1.71143e-08, -1, -8.49808e-08, 1, 1.71143e-08, 2.33744e-16, 2.86762, -1.53839e-08)
joint_type = 1
joint_offset = Transform3D(0.999997, 0, 0, 0, 0.999996, 0, 0, 0, 0.999998, -2.09816e-17, 4.51259e-10, 0.330941)
body_offset = Transform3D(1, 0, 1.34486e-17, 0, 0, -1, 0, 1, 0, 1.65309e-17, 0.330941, -4.51259e-10)
bone_name = "Bone.001"
joint_constraints/bias = 0.3
joint_constraints/damping = 1.0
joint_constraints/impulse_clamp = 0.0

[node name="CollisionShape3D" type="CollisionShape3D" parent="Armature_001/Skeleton3D/Torso" index="0"]
transform = Transform3D(2.68033, 0, 0, 0, -3.56685e-08, 2.68033, 0, -0.816, -1.17161e-07, 0, 0, 0)
shape = SubResource("CapsuleShape3D_bmm5y")

[node name="Head" type="PhysicalBone3D" parent="Armature_001/Skeleton3D" index="3"]
transform = Transform3D(1, 3.42285e-08, -2.7945e-16, -8.78695e-16, 1.71143e-08, -1, -3.42285e-08, 1, 1.71143e-08, 4.29538e-16, 3.46161, -2.50982e-08)
joint_type = 3
joint_offset = Transform3D(-0.0333274, 0, 0.999442, 0, 1, 0, -0.999442, 0, -0.0333274, -3.53749e-18, 0, 0.263041)
joint_rotation = Vector3(0, 1.60413, 0)
body_offset = Transform3D(1, 0, 1.34484e-17, 0, 0, -1, 0, 1, 0, 0, 0.263041, 0)
bone_name = "Bone.006"
joint_constraints/angular_limit_enabled = false
joint_constraints/angular_limit_upper = 45.0
joint_constraints/angular_limit_lower = -40.18
joint_constraints/angular_limit_bias = 0.3
joint_constraints/angular_limit_softness = 0.9
joint_constraints/angular_limit_relaxation = 1.0

[node name="CollisionShape3D" type="CollisionShape3D" parent="Armature_001/Skeleton3D/Head" index="0"]
transform = Transform3D(4.45805, 0, 0, 0, 0, 4.45805, 0, -0.639479, 0, 0, 0, -0.0887933)
shape = SubResource("CapsuleShape3D_35lnj")

[node name="Left_Upper_Arm" type="PhysicalBone3D" parent="Armature_001/Skeleton3D" index="4"]
transform = Transform3D(0.947464, 0.0085923, -0.319747, 0.310224, 0.218866, 0.925127, 0.0779291, -0.975718, 0.204703, 0.514289, 2.74565, -0.115332)
joint_type = 2
joint_offset = Transform3D(1, 0, 0, 0, 1, 0, 0, 0, 1, 4.52744e-07, -3.88842e-07, 0.281201)
body_offset = Transform3D(1, 1.54972e-06, 8.56817e-08, 7.82311e-08, 2.38419e-07, -1, 0, 1, -3.12924e-07, -4.76837e-07, 0.281201, 4.76837e-07)
bone_name = "Bone.002"
joint_constraints/swing_span = 60.39
joint_constraints/twist_span = 0.0
joint_constraints/bias = 0.3
joint_constraints/softness = 0.8
joint_constraints/relaxation = 1.0

[node name="CollisionShape3D" type="CollisionShape3D" parent="Armature_001/Skeleton3D/Left_Upper_Arm" index="0"]
transform = Transform3D(1, 0, 0, 0, 0, 1, 0, -1, 0, 0, 0, 0)
shape = SubResource("CapsuleShape3D_jpmjp")

[node name="Left_Elbow" type="PhysicalBone3D" parent="Armature_001/Skeleton3D" index="5"]
transform = Transform3D(0.902207, 0.267445, -0.335151, 0.381372, -0.134325, 0.913528, 0.201442, -0.932836, -0.228718, 0.720645, 2.16804, -0.0933861)
joint_type = 3
joint_offset = Transform3D(0.14436, 0, 0.989524, 0, 1, 0, -0.989524, 0, 0.14436, 1.782e-05, 3.1843e-05, 0.347508)
joint_rotation = Vector3(0, 1.42593, 0)
body_offset = Transform3D(1, 0.00214937, -5.52498e-05, 1.86265e-08, -0.00108136, -0.999586, 6.4075e-07, 0.979667, -7.0259e-05, 1.3113e-06, 0.347364, -6.78003e-06)
bone_name = "Bone.003"
joint_constraints/angular_limit_enabled = true
joint_constraints/angular_limit_upper = 18.81
joint_constraints/angular_limit_lower = -2.88
joint_constraints/angular_limit_bias = 0.3
joint_constraints/angular_limit_softness = 0.9
joint_constraints/angular_limit_relaxation = 1.0

[node name="CollisionShape3D" type="CollisionShape3D" parent="Armature_001/Skeleton3D/Left_Elbow" index="0"]
transform = Transform3D(1, 0, 0, 0, 0, 1, 0, -1, 0, 0, 0, 0)
shape = SubResource("CapsuleShape3D_beog6")

[node name="Right_Upper_Arm" type="PhysicalBone3D" parent="Armature_001/Skeleton3D" index="6"]
transform = Transform3D(0.947353, -0.0168583, 0.319747, -0.308302, 0.221565, 0.925127, -0.0864407, -0.975001, 0.204703, -0.51429, 2.74565, -0.115329)
joint_type = 2
joint_offset = Transform3D(1, 0, 0, 0, 1, 0, 0, 0, 1, 1.21461e-06, 1.39186e-06, 0.281197)
body_offset = Transform3D(1, 2.16067e-07, -8.00937e-08, -7.07805e-08, -1.49012e-08, -1, 0, 1, -7.45058e-08, -1.19209e-06, 0.281197, -1.37091e-06)
bone_name = "Bone.009"
joint_constraints/swing_span = 45.0
joint_constraints/twist_span = 180.0
joint_constraints/bias = 0.3
joint_constraints/softness = 0.8
joint_constraints/relaxation = 1.0

[node name="CollisionShape3D" type="CollisionShape3D" parent="Armature_001/Skeleton3D/Right_Upper_Arm" index="0"]
transform = Transform3D(1, 0, 0, 0, 0, 1, 0, -1, 0, 0, 0, 0)
shape = SubResource("CapsuleShape3D_7iw1o")

[node name="Right_Elbow" type="PhysicalBone3D" parent="Armature_001/Skeleton3D" index="7"]
transform = Transform3D(0.902206, -0.271386, 0.335221, -0.381372, -0.138959, 0.913918, -0.201443, -0.952387, -0.228868, -0.720639, 2.16805, -0.0934029)
joint_type = 3
joint_offset = Transform3D(0.0383867, 0, 0.999253, 0, 0.99999, 0, -0.999259, 0, 0.0383865, -7.47492e-06, -7.33403e-06, 0.347356)
joint_rotation = Vector3(0, 1.5324, 0)
body_offset = Transform3D(1, 1.93715e-07, 5.84871e-07, 6.14673e-07, -5.96046e-08, -1, 2.98023e-07, 1, -1.63913e-07, 7.27177e-06, 0.347356, 7.39098e-06)
bone_name = "Bone.010"
joint_constraints/angular_limit_enabled = false
joint_constraints/angular_limit_upper = 98.04
joint_constraints/angular_limit_lower = -8.04
joint_constraints/angular_limit_bias = 0.3
joint_constraints/angular_limit_softness = 0.9
joint_constraints/angular_limit_relaxation = 1.0

[node name="CollisionShape3D" type="CollisionShape3D" parent="Armature_001/Skeleton3D/Right_Elbow" index="0"]
transform = Transform3D(1, 3.72529e-08, -1.49012e-08, -1.49012e-08, 0, 1, 2.23517e-08, -1, 1.49012e-08, 0, 0, 0)
shape = SubResource("CapsuleShape3D_ossiy")

[node name="Left_Thigh" type="PhysicalBone3D" parent="Armature_001/Skeleton3D" index="8"]
transform = Transform3D(0.979617, -0.197492, -0.0366926, 0.036074, -0.00672969, 0.999248, -0.197606, -0.980263, 0.000535814, 0.206648, 1.48359, -0.0798855)
joint_type = 3
joint_offset = Transform3D(0.129491, 0, 0.991577, 0, 1, 0, -0.991577, 0, 0.129491, 2.45127e-06, 1.83682e-06, 0.509849)
joint_rotation = Vector3(0, 1.44094, 0)
body_offset = Transform3D(0.999999, 5.36442e-07, -3.69721e-06, -1.82408e-08, 1.03784e-07, -0.999921, -3.39746e-06, 0.999982, -3.29572e-06, -5.66244e-07, 0.509809, -1.56462e-07)
bone_name = "Bone.004"
joint_constraints/angular_limit_enabled = true
joint_constraints/angular_limit_upper = 90.0
joint_constraints/angular_limit_lower = -90.0
joint_constraints/angular_limit_bias = 0.3
joint_constraints/angular_limit_softness = 0.9
joint_constraints/angular_limit_relaxation = 1.0

[node name="CollisionShape3D" type="CollisionShape3D" parent="Armature_001/Skeleton3D/Left_Thigh" index="0"]
transform = Transform3D(1, 0, 0, 0, 0, 1, 0, -1, 0, 0, 0, 0)
shape = SubResource("CapsuleShape3D_4rb5m")

[node name="Left_Lower_Leg" type="PhysicalBone3D" parent="Armature_001/Skeleton3D" index="9"]
transform = Transform3D(0.979379, -0.198573, -0.0372661, 0.0424613, 0.0219652, 0.998857, -0.197521, -0.979839, 0.0299456, 0.241831, 0.532518, -0.0933947)
joint_type = 3
joint_offset = Transform3D(-0.0335074, 0, 0.999437, 0, 1, 0, -0.999437, 0, -0.0335074, -9.82928e-07, 4.58872e-08, 0.442054)
joint_rotation = Vector3(0, 1.60431, 0)
body_offset = Transform3D(1, -6.95884e-06, -2.03494e-07, -4.00003e-07, 1.94274e-06, -1, -4.02331e-07, 0.999999, 1.49012e-07, 1.07288e-06, 0.442054, -1.11759e-07)
bone_name = "Bone.005"
joint_constraints/angular_limit_enabled = true
joint_constraints/angular_limit_upper = 9.64
joint_constraints/angular_limit_lower = -98.45
joint_constraints/angular_limit_bias = 0.3
joint_constraints/angular_limit_softness = 0.9
joint_constraints/angular_limit_relaxation = 1.0

[node name="CollisionShape3D" type="CollisionShape3D" parent="Armature_001/Skeleton3D/Left_Lower_Leg" index="0"]
transform = Transform3D(1, 0, 0, 0, 0, 1, 0, -1, 0, 0, 0, 0)
shape = SubResource("CapsuleShape3D_v72dg")

[node name="Right_Thigh" type="PhysicalBone3D" parent="Armature_001/Skeleton3D" index="10"]
transform = Transform3D(0.991455, 0.125153, 0.0366924, -0.0364699, -0.004066, 0.998451, 0.125227, -0.992099, 0.000530307, -0.206647, 1.48362, -0.0798862)
joint_type = 3
joint_offset = Transform3D(0.14436, 0, 0.989524, 0, 1, 0, -0.989524, 0, 0.14436, -1.58553e-05, -3.0153e-06, 0.510223)
joint_rotation = Vector3(0, 1.42593, 0)
body_offset = Transform3D(0.999997, -4.82053e-06, 3.16592e-05, -1.09969e-07, -1.15001e-06, -0.999125, -7.45058e-09, 0.99997, 5.20865e-06, -2.98023e-07, 0.509777, 3.57628e-07)
bone_name = "Bone.007"
joint_constraints/angular_limit_enabled = true
joint_constraints/angular_limit_upper = 90.0
joint_constraints/angular_limit_lower = -90.0
joint_constraints/angular_limit_bias = 0.3
joint_constraints/angular_limit_softness = 0.9
joint_constraints/angular_limit_relaxation = 1.0

[node name="CollisionShape3D" type="CollisionShape3D" parent="Armature_001/Skeleton3D/Right_Thigh" index="0"]
transform = Transform3D(1, 0, 0, 0, 0, 1, 0, -1, 0, 0, 0, 0)
shape = SubResource("CapsuleShape3D_aeyd6")

[node name="Right_Lower_Leg" type="PhysicalBone3D" parent="Armature_001/Skeleton3D" index="11"]
transform = Transform3D(0.991168, 0.127253, 0.0372657, -0.0407635, 0.0249796, 0.998856, 0.126175, -0.991554, 0.0299458, -0.24183, 0.53256, -0.0933938)
joint_type = 3
joint_offset = Transform3D(0.0165756, 0, 0.999856, 0, 0.999995, 0, -0.99986, 0, 0.0165755, 1.7923e-06, -1.31357e-07, 0.442012)
joint_rotation = Vector3(0, 1.55422, 0)
body_offset = Transform3D(0.999997, 1.49012e-08, -7.68341e-08, 1.82563e-06, -2.04891e-07, -1, 8.79169e-07, 0.999999, 1.11759e-07, -1.75834e-06, 0.442012, 8.19564e-08)
bone_name = "Bone.008"
joint_constraints/angular_limit_enabled = true
joint_constraints/angular_limit_upper = 4.82
joint_constraints/angular_limit_lower = -102.97
joint_constraints/angular_limit_bias = 0.3
joint_constraints/angular_limit_softness = 0.9
joint_constraints/angular_limit_relaxation = 1.0

[node name="CollisionShape3D" type="CollisionShape3D" parent="Armature_001/Skeleton3D/Right_Lower_Leg" index="0"]
transform = Transform3D(1, 0, 0, 0, 0, 1, 0, -1, 0, 0, 0, 0)
shape = SubResource("CapsuleShape3D_rfayf")
